points
17
30.52211978515585 16.782399741967566 1441.3001994187157
17.437619422482328 -7.496074866099718 1447.0790677040677
26.016662267389776 -22.837987285102344 1472.222354981692
44.98022544776171 -12.938326632737244 1491.942675106188
57.926739867330525 13.152237829886516 1485.8573154683575
51.679475072149216 27.614203753209836 1459.948702344026
49.46203905718241 2.943621843471476 1425.6272863172705
38.20425549762726 -20.529351348541553 1432.9347130412295
46.54554061825823 -34.0799425096144 1455.990286771508
65.66422089082903 -26.99255520940403 1474.848432760364
81.44014245476305 -1.0655893157903904 1469.5398463281288
72.99824882340468 15.526414703864262 1444.794325549123
73.5187539539696 -14.79386534259541 1418.2528324944592
65.34924307057562 -40.78605736469888 1430.3161596336276
84.87758576721944 -37.470858893612814 1452.7507400417205
93.33581624560438 -11.370017145483331 1441.0493463362193
92.00900837446159 -37.52659885123202 1426.1331453857683
